C_Sf: 4.718
C_Sr: 5.4562
I: 0.04712
a_max: 9.51
h: 0.074
length: 0.58
lf: 0.15875
lr: 0.17145
m: 3.74
mu: 1.0489
s_max: 0.4189
s_min: -0.4189
sv_max: 3.2
sv_min: -3.2
v_max: 20.0
v_min: -5.0
v_switch: 7.319
width: 0.31
